timestamp,label,score
